Webots Project File version R2020a
perspectives: 000000ff00000000fd0000000300000000000000fa000003dafc0100000002fb0000001a0044006f00630075006d0065006e0074006100740069006f006e0000000000ffffffff0000005400fffffffb0000001e00480074006d006c0052006f0062006f007400570069006e0064006f00770000000000000000fa0000005400ffffff0000000100000247000002e3fc0200000001fb0000001400540065007800740045006400690074006f00720100000015000002e30000009d00ffffff0000000300000780000000f1fc0100000001fb0000000e0043006f006e0073006f006c00650100000000000007800000005400ffffff00000533000002e300000001000000020000000100000008fc00000000
simulationViewPerspectives: 000000ff000000010000000200000118000003000100000006010000000100
sceneTreePerspectives: 000000ff0000000100000002000001a7000000fc0100000006010000000200
maximizedDockId: -1
centralWidgetVisible: 1
selectionDisabled: 0
viewpointLocked: 0
orthographicViewHeight: 1
textFiles: 1 "controllers/remote_controller_c/remote_controller_c.c" "controllers/top_camera_controller/top_camera_controller.c"
globalOptionalRendering: CameraFrustums
renderingDevicePerspectives: robot:TopCamera;1;1.63281;0;0
renderingDevicePerspectives: e-puck:camera;0;5.02564;0;0;216;777;261;195;0
