Webots Project File version R2020a
perspectives: 000000ff00000000fd00000003000000000000000000000000fc0100000001fb0000001a0044006f00630075006d0065006e0074006100740069006f006e0000000000000000140000006900ffffff000000010000024b000003c3fc0200000001fb0000001400540065007800740045006400690074006f00720100000015000003c30000008700ffffff000000030000078000000083fc0100000001fb0000000e0043006f006e0073006f006c00650100000000000007800000006900ffffff00000533000003c300000001000000020000000100000008fc00000000
simulationViewPerspectives: 000000ff000000010000000200000100000005620100000002010000000100
sceneTreePerspectives: 000000ff0000000100000002000002fa000000fa0100000002010000000200
minimizedPerspectives: 000000ff00000000fd00000002000000000000032000000448fc0100000001fb0000001a0044006f00630075006d0065006e0074006100740069006f006e0000000000000003200000006900ffffff0000000200000780000000a2fc0100000001fc00000000000007800000007700fffffffa000000010200000002fb0000000e0043006f006e0073006f006c00650100000000ffffffff0000003900fffffffb0000001400540065007800740045006400690074006f007201000000150000011f0000008700ffffff00000780000003a400000001000000020000000100000008fc00000000
maximizedDockId: -1
centralWidgetVisible: 1
projectionMode: ORTHOGRAPHIC
selectionDisabled: 1
viewpointLocked: 0
orthographicViewHeight: 2.17358
textFiles: 2 "controllers/epuck_go_forward/epuck_go_forward.cpp" "../controllers/move_01.c" "controllers/my_controller_04/my_controller_04.c"
globalOptionalRendering: CameraFrustums
renderingDevicePerspectives: e-puck:camera;0;0.133333;0;0
