Webots Project File version R2020a
perspectives: 000000ff00000000fd00000003000000000000000000000000fc0100000001fb0000001a0044006f00630075006d0065006e0074006100740069006f006e0000000000ffffffff0000006900ffffff00000001000003c8000002adfc0200000001fb0000001400540065007800740045006400690074006f0072030000002e00000000000003e300000300000000030000078000000199fc0100000001fb0000000e0043006f006e0073006f006c00650100000000000007800000006900ffffff00000780000002ad00000001000000020000000100000008fc00000000
simulationViewPerspectives: 000000ff000000010000000200000100000005620100000002010000000100
sceneTreePerspectives: 000000ff0000000100000002000000c0000000fa0100000002010000000200
minimizedPerspectives: 000000ff00000000fd00000001000000000000029400000298fc0100000002fc00000000000002940000007700fffffffa000000010200000002fb0000001400540065007800740045006400690074006f00720100000000ffffffff0000008700fffffffb0000000e0043006f006e0073006f006c00650100000015000004480000003900fffffffb0000001a0044006f00630075006d0065006e0074006100740069006f006e0000000000000000140000006900ffffff000002c00000029800000001000000020000000100000008fc00000000
maximizedDockId: -1
centralWidgetVisible: 1
projectionMode: PERSPECTIVE
renderingMode: PLAIN
selectionDisabled: 0
viewpointLocked: 0
orthographicViewHeight: 2.59374
textFiles: 5 "controllers/z5220045_MTRN4110_PhaseA/code_02.c" "controllers/z5220045_MTRN4110_PhaseA/code_03.c" "controllers/my_controller/my_controller.c" "controllers/phaseD/phaseD.c" "controllers/z5220045_MTRN4110_PhaseA/z5220045_MTRN4110_PhaseA.c" "controllers/phaseD_DFS/phaseD_DFS.c"
renderingDevicePerspectives: e-puck:camera;0;0.133333;0;0
