Webots Project File version R2020a
perspectives: 000000ff00000000fd00000003000000000000059000000448fc0100000001fb0000001a0044006f00630075006d0065006e0074006100740069006f006e0000000000000000140000006900ffffff000000010000038700000448fc0200000001fb0000001400540065007800740045006400690074006f00720100000015000004480000008700ffffff00000002000003f7000000d9fc0100000001fb0000000e0043006f006e0073006f006c00650100000000000003f70000006900ffffff000003f70000036d00000001000000020000000100000008fc00000000
simulationViewPerspectives: 000000ff000000010000000200000100000005620100000002010000000100
sceneTreePerspectives: 000000ff0000000100000002000000c0000000fa0100000002010000000200
minimizedPerspectives: 000000ff00000000fd00000001000000000000029400000298fc0100000002fc00000000000002940000007700fffffffa000000010200000002fb0000001400540065007800740045006400690074006f00720100000000ffffffff0000008700fffffffb0000000e0043006f006e0073006f006c00650100000015000004480000003900fffffffb0000001a0044006f00630075006d0065006e0074006100740069006f006e0000000000000000140000006900ffffff000002c00000029800000001000000020000000100000008fc00000000
maximizedDockId: -1
centralWidgetVisible: 1
projectionMode: PERSPECTIVE
renderingMode: PLAIN
selectionDisabled: 0
viewpointLocked: 0
orthographicViewHeight: 2.59374
textFiles: 2 "controllers/phaseD/phaseD.c" "controllers/z5220045_MTRN4110_PhaseA/z5220045_MTRN4110_PhaseA.c" "controllers/BoundaryFollowing/BoundaryFollowing.c" "controllers/my_controller_baj/my_controller_baj.c" "controllers/phaseD_DFS/phaseD_DFS.c"
renderingDevicePerspectives: e-puck:camera;0;0.133333;0;0
